Mean: 187.5401376146789
Median: 187.875
Mode: 123.75
Variance: 11743.383842320736
Standard Deviation: 108.366894586496
Elapsed Time: 0.00935816764831543 seconds
