Mean: 242.32
Median: 239.5
Mode: [393.0, 170.0]
Variance: 21152.79959899749
Standard Deviation: 145.44002062361477
Elapsed Time: 0.0006740093231201172 seconds
